26.626
27.792
25.357
23.307
27.312
27.542
24.847
28.126
25.45
24.829
26.322
24.279
26.187
25.518
28.278
25.532
25.341
24.182
22.128
25.757
27.573
22.547
26.502
27.83
27.916
25.111
26.952
28.197
27.507
27.876
26.258
27.842
26.493
23.799
25.658
26.669
27.893
27.582
23.749
25.955
27.479
27.479
27.702
27.702
28.01
28.01
28.027
28.027
26.879
26.879
28.107
27.835
27.726
27.657
27.889
27.58
28.252
27.365
28.303
27.667
27.83
27.858
27.939
27.556
25.947
28.108
28.226
26.106
27.688
27.859
27.923
28.554
27.46
27.704
27.598
27.829
27.485
27.903
26.862
27.36
28.27
24.315
28.196
26.702
26.884
28.231
28.326
27.202
25.493
27.503
27.927
28.309
28.345
22.925
19.102
26.997
27.913
26.411
27.622
28.252
27.836
28.049
25.666
26.327
27.518
28.275
26.906
27.371
26.614
27.894
27.257
27.13
28.4
27.386
27.941
22.953
27.965
27.464
28.09
23.773
28.246
27.802
25.166
26.823
