27.825
26.641
27.393
26.814
27.795
27.79
28.229
27.872
28.492
27.215
28.347
27.386
27.202
27.109
27.843
27.571
27.86
26.083
27.325
27.342
27.443
28.094
27.962
26.778
22.996
26.907
25.876
28.157
27.242
27.55
27.051
27.985
26.545
27.608
28.103
27.56
27.302
27.087
28.225
27.764
28.634
28
28.336
27.961
20.82
27.219
24.265
26.437
27.472
28.114
26.242
26.422
28.506
28.174
27.407
26.157
25.19
25.051
28.286
27.733
26.758
28.226
28.26
28.219
27.952
27.432
26.187
27.261
28.15
27.767
27.792
11.266
27.018
27.612
27.12
28.217
27.384
27.107
10.073
27.39
25.441
12.5
27.971
27.816
27.384
27.732
27.793
27.35
27.627
22.559
27.878
28.073
27.886
25.46
28.046
20.835
27.92
11.029
28.183
24.294
28.245
27.787
27.799
28.314
27.642
27.321
27.414
27.693
28.005
27.927
28.35
27.099
22.905
26.473
27.953
27.152
27.485
27.448
28.056
13.525
27.049
28.241
28.324
26.623
28.366
