resid #, contact prob
119, 0.1036
120, 0.0275
121, 0.2122
122, 0.3196
123, 0.0649
124, 0.0175
125, 0.0275
126, 0.0000
127, 0.0000
128, 0.0000
129, 0.0037
130, 0.0100
131, 0.0000
132, 0.0037
133, 0.0050
134, 0.0025
135, 0.0200
136, 0.0150
137, 0.0000
138, 0.0000
139, 0.0000
140, 0.0000
141, 0.0000
142, 0.0000
143, 0.0000
144, 0.0000
145, 0.0000
146, 0.0000
147, 0.0000
148, 0.0000
149, 0.0000
150, 0.0000
151, 0.0000
152, 0.0000
153, 0.0000
154, 0.0000
155, 0.0012
156, 0.0000
157, 0.0000
158, 0.0137
159, 0.0000
160, 0.0000
161, 0.0000
162, 0.3271
163, 0.0125
164, 0.0762
165, 1.3720
166, 0.4444
167, 0.6504
168, 0.0674
169, 0.6092
170, 0.8402
171, 0.1998
172, 0.6792
173, 0.0062
174, 0.0062
175, 0.0499
176, 0.0075
177, 0.0000
178, 0.0000
179, 0.0000
180, 0.0012
181, 0.0087
182, 0.0000
183, 0.0000
184, 0.0000
185, 0.0000
186, 0.0000
187, 0.0000
188, 0.0000
189, 0.0000
190, 0.0000
191, 0.0000
192, 0.0000
