resid #, contact prob
119, 0.1220
120, 0.0060
121, 0.1200
122, 0.1160
123, 0.2200
124, 0.2520
125, 0.0520
126, 0.1300
127, 0.0380
128, 0.0080
129, 0.0020
130, 0.0040
131, 0.0000
132, 0.0200
133, 0.0020
134, 0.0000
135, 0.0000
136, 0.0000
137, 0.0000
138, 0.0000
139, 0.0000
140, 0.0000
141, 0.0000
142, 0.0000
143, 0.0000
144, 0.0000
145, 0.0000
146, 0.0000
147, 0.0000
148, 0.0000
149, 0.0000
150, 0.0000
151, 0.0000
152, 0.0000
153, 0.0000
154, 0.0000
155, 0.2480
156, 0.0000
157, 0.0000
158, 0.0220
159, 0.0000
160, 0.0000
161, 0.0000
162, 0.4340
163, 0.0000
164, 0.0020
165, 0.0840
166, 0.0680
167, 0.5060
168, 0.0000
169, 0.8820
170, 1.1420
171, 0.4440
172, 0.2520
173, 0.0000
174, 0.0040
175, 0.0040
176, 0.0040
177, 0.2640
178, 0.0060
179, 0.0000
180, 0.0000
181, 0.0000
182, 0.0000
183, 0.0000
184, 0.0000
185, 0.0000
186, 0.0000
187, 0.0000
188, 0.0000
189, 0.0000
190, 0.0000
191, 0.0000
192, 0.0000
