resid #, contact prob
119, 0.1835
120, 0.2022
121, 0.9527
122, 0.7802
123, 0.4615
124, 0.1505
125, 0.0297
126, 0.0308
127, 0.0033
128, 0.0253
129, 0.0000
130, 0.0033
131, 0.0000
132, 0.0418
133, 0.0044
134, 0.0022
135, 0.0099
136, 0.0022
137, 0.0000
138, 0.0000
139, 0.0000
140, 0.0000
141, 0.0000
142, 0.0000
143, 0.0000
144, 0.0000
145, 0.0000
146, 0.0000
147, 0.0000
148, 0.0000
149, 0.0000
150, 0.0000
151, 0.0000
152, 0.0000
153, 0.0000
154, 0.0000
155, 0.0934
156, 0.0000
157, 0.0000
158, 0.0209
159, 0.0000
160, 0.0000
161, 0.0000
162, 0.4209
163, 0.0000
164, 0.0000
165, 0.1407
166, 0.0527
167, 0.9626
168, 0.0000
169, 1.0802
170, 1.4857
171, 0.5747
172, 0.8626
173, 0.0341
174, 0.0187
175, 0.0374
176, 0.0527
177, 0.0000
178, 0.0275
179, 0.0000
180, 0.0000
181, 0.0143
182, 0.0011
183, 0.0000
184, 0.0000
185, 0.0000
186, 0.0000
187, 0.0000
188, 0.0000
189, 0.0000
190, 0.0000
191, 0.0000
192, 0.0000
