resid #, contact prob
308, 0.0000
309, 0.0000
310, 0.0000
311, 0.0000
312, 0.0000
313, 0.0000
314, 0.0000
315, 0.0000
316, 0.0000
317, 0.0000
318, 0.0000
319, 0.0000
320, 0.0000
321, 0.0000
322, 0.0000
323, 0.0000
324, 0.0000
325, 0.0000
326, 0.0000
327, 0.0000
328, 0.0000
329, 0.0000
330, 0.0000
331, 0.0000
332, 0.0000
333, 0.0000
334, 0.0000
335, 0.0000
336, 0.0000
337, 0.0000
338, 0.0000
339, 0.0000
340, 0.0000
341, 0.0000
342, 0.0000
343, 0.0000
344, 0.0000
345, 0.0000
346, 0.0000
347, 0.0000
348, 0.0000
349, 0.0000
350, 0.0000
351, 0.0000
352, 0.0000
353, 0.0000
354, 0.0000
355, 0.0000
356, 0.0000
357, 0.0000
358, 0.0000
359, 0.0000
360, 0.0000
361, 0.0000
362, 0.0000
363, 0.0000
364, 0.0000
365, 0.0000
366, 0.0000
367, 0.0000
368, 0.0000
369, 0.0000
370, 0.0000
371, 0.0000
372, 0.0000
373, 0.0000
374, 0.0000
375, 0.0000
376, 0.0000
377, 0.0000
378, 0.0000
379, 0.0000
380, 0.0000
381, 0.0000
382, 0.0000
383, 0.0000
384, 0.0000
385, 0.0000
386, 0.0000
387, 0.0000
388, 0.0000
389, 0.0000
390, 0.0000
391, 0.0000
392, 0.0000
393, 0.0000
394, 0.0000
395, 0.0000
396, 0.0000
397, 0.0000
398, 0.0000
399, 0.0000
400, 0.0000
401, 0.1858
402, 0.2814
403, 0.1805
404, 0.0000
405, 0.0000
406, 0.0000
407, 0.0000
408, 0.0000
409, 0.0000
410, 0.0000
411, 0.0000
412, 0.0000
413, 0.0000
414, 0.0000
415, 0.0000
416, 0.0000
417, 0.0000
418, 0.0000
419, 0.0000
420, 0.0000
421, 0.0000
422, 0.0000
423, 0.0000
424, 0.0000
425, 0.0000
426, 0.0000
427, 0.0000
428, 0.0000
429, 0.0000
430, 0.0000
431, 0.0000
432, 0.0000
433, 0.0018
434, 0.0000
435, 0.0177
436, 0.0000
437, 0.0000
438, 0.1858
439, 0.0000
440, 0.0000
441, 0.0000
442, 0.0000
443, 0.0000
444, 0.0000
445, 0.0000
446, 0.0000
447, 0.0000
448, 0.0000
449, 0.0000
450, 0.0000
451, 0.0000
452, 0.0000
453, 0.0000
454, 0.0000
455, 0.0000
456, 0.0000
457, 0.0000
458, 0.0000
459, 0.0000
460, 0.0000
461, 0.0000
462, 0.0000
463, 0.0000
464, 0.0000
465, 0.0000
466, 0.0000
467, 1.0195
468, 0.0000
469, 0.7469
470, 0.0018
471, 0.0088
472, 0.0000
473, 0.0000
474, 0.0000
475, 0.0000
476, 0.0000
477, 0.0000
478, 0.0000
479, 0.0000
480, 0.0000
481, 0.0000
482, 0.0000
483, 0.0000
484, 0.0000
485, 0.0000
486, 0.0000
487, 0.0000
488, 0.0000
489, 0.0000
490, 0.0000
491, 0.0000
492, 0.0000
493, 0.0000
494, 0.0000
495, 0.0000
496, 0.0000
497, 0.0000
498, 0.0000
499, 0.0000
500, 0.0000
501, 0.0000
502, 0.0000
503, 0.0000
504, 0.0000
505, 0.0000
506, 0.0000
507, 0.0000
508, 0.0000
509, 0.0000
510, 0.0000
511, 0.0000
512, 0.0000
513, 0.0000
514, 0.0000
515, 0.0000
516, 0.0000
517, 0.0000
518, 0.0000
519, 0.0000
520, 0.0000
521, 0.0000
522, 0.0000
523, 0.0000
524, 0.0000
525, 0.0000
526, 0.0000
527, 0.0000
528, 0.0000
529, 0.0000
530, 0.0743
531, 0.0018
532, 0.4088
533, 0.5504
534, 0.4708
535, 0.0673
536, 0.3876
537, 0.0000
538, 0.0000
539, 0.0000
540, 0.0000
541, 0.0000
542, 0.0000
543, 0.0000
544, 0.0000
545, 0.0000
546, 0.0000
547, 0.0000
548, 0.0000
549, 0.0000
550, 0.0000
551, 0.0000
552, 0.0000
553, 0.0000
554, 0.0000
555, 0.0000
556, 0.0000
557, 0.0000
558, 0.0000
559, 0.0000
560, 0.0000
561, 0.0000
562, 0.0000
563, 0.0000
564, 0.0000
565, 0.0000
566, 0.0000
567, 0.0000
568, 0.0000
569, 0.0000
570, 0.0000
571, 0.0000
572, 0.0000
573, 0.0000
574, 0.0000
575, 0.0000
576, 0.0000
577, 0.0035
578, 0.0000
579, 0.0000
580, 0.0000
581, 0.0071
582, 0.0000
583, 0.5646
584, 0.0000
585, 0.0000
586, 0.0000
587, 0.0000
588, 0.0000
589, 0.0000
590, 0.0000
591, 0.0000
592, 0.0000
593, 0.0000
