resid #, contact prob
119, 0.0000
120, 0.0000
121, 0.0000
122, 0.0000
123, 0.0000
124, 0.0000
125, 0.0000
126, 0.0000
127, 0.0000
128, 0.0000
129, 0.0000
130, 0.0000
131, 0.0000
132, 0.0000
133, 0.0000
134, 0.0000
135, 0.0000
136, 0.0000
137, 0.0000
138, 0.0000
139, 0.0000
140, 0.0000
141, 0.0000
142, 0.0000
143, 0.0000
144, 0.0000
145, 0.0000
146, 0.0000
147, 0.0000
148, 0.0000
149, 0.0000
150, 0.0000
151, 0.0000
152, 0.0000
153, 0.0000
154, 0.0000
155, 0.0000
156, 0.0000
157, 0.0000
158, 0.0212
159, 0.0000
160, 0.0000
161, 0.0000
162, 0.0637
163, 0.0496
164, 0.3628
165, 2.1257
166, 0.6460
167, 0.6407
168, 0.0549
169, 0.5274
170, 0.2761
171, 0.2035
172, 0.0496
173, 0.1381
174, 0.0035
175, 0.0035
176, 0.0000
177, 0.0000
178, 0.0000
179, 0.0000
180, 0.0000
181, 0.0000
182, 0.0000
183, 0.0000
184, 0.0000
185, 0.0000
186, 0.0000
187, 0.0000
188, 0.0000
189, 0.0000
190, 0.0000
191, 0.0000
192, 0.0000
