resid #, contact prob
119, 0.0041
120, 0.0000
121, 0.0000
122, 0.0286
123, 0.0000
124, 0.0000
125, 0.0000
126, 0.0068
127, 0.0000
128, 0.0041
129, 0.0041
130, 0.0354
131, 0.0245
132, 0.0300
133, 0.0000
134, 0.0000
135, 0.0000
136, 0.0000
137, 0.0000
138, 0.0000
139, 0.0000
140, 0.0041
141, 0.0000
142, 0.0000
143, 0.0000
144, 0.0000
145, 0.0000
146, 0.0000
147, 0.0000
148, 0.0000
149, 0.0000
150, 0.0000
151, 0.0000
152, 0.0000
153, 0.0000
154, 0.0000
155, 0.0000
156, 0.0000
157, 0.0000
158, 0.0000
159, 0.0000
160, 0.0000
161, 0.0000
162, 0.0123
163, 0.0000
164, 0.0000
165, 0.0014
166, 0.0000
167, 0.2153
168, 0.0000
169, 0.1158
170, 0.2248
171, 0.1076
172, 0.1989
173, 0.0000
174, 0.0000
175, 0.0000
176, 0.0000
177, 0.0000
178, 0.0000
179, 0.0000
180, 0.0000
181, 0.0054
182, 0.0000
183, 0.0000
184, 0.0000
185, 0.0000
186, 0.0000
187, 0.0000
188, 0.0000
189, 0.0000
190, 0.0000
191, 0.0000
192, 0.0000
